((("else" .
   [1 0 0 0])
  ("$scores" .
   [3 0 0 0 0 0 0])
  ("count" .
   [1 0 0 0 0])
  ("get_query_result" .
   [0 0 0 0 1 0 0 0 0 0 0 0 0 0 0 0])
  ("$ret" .
   [4 0 0 0])
  ("$pool" .
   [1 0 0 0 0])
  ("$STANDARD_REGION" .
   [0 0 0 1 0 0 0 0 0 0 0 0 0 0 0 0])
  ("$AUTO_REGION" .
   [0 0 0 0 1 1 0 0 0 0 0 0])
  ("$ancestor_regions" .
   [0 0 0 0 0 1 0 0 0 0 0 0 0 0 0 0 0])
  ("var" .
   [1 0 0])
  ("$args" .
   [1 0 0 0 0])
  ("$pool_name" .
   [1 0 0 0 0 0 0 0 0 0])
  ("rows_to_arr" .
   [0 0 1 0 1 0 0 0 0 0 0])
  ("$wideip" .
   [3 0 0 0 0 0 0])
  ("$ldns" .
   [2 0 0 0 0])
  ("$ldns_wideip_pair" .
   [0 0 0 0 0 0 1 0 0 0 0 0 0 0 0 0 0])
  ("die" .
   [12 0 0])
  ("$sql" .
   [3 0 0 0])
  ("$DEFAULT_AVAILABLE" .
   [0 0 0 0 0 0 0 0 0 1 0 0 0 0 0 0 0 0])
  ("$DEFAULT_IN_USE" .
   [0 0 0 1 0 0 0 0 0 0 0 0 0 0 0])
  ("$DEFAULT_VALUE" .
   [0 0 0 1 0 0 0 0 0 0 0 0 0 0])
  ("$DEFAULT_TYPE" .
   [0 0 0 1 0 0 0 0 0 0 0 0 0])
  ("global" .
   [8 0 0 0 0 1])
  ("$DEFAULT_TTL" .
   [3 0 0 1 0 0 0 0 0 0 0 0])
  ("$ratio" .
   [1 0 0 0 0 0])
  ("$type" .
   [1 0 0 0 0])
  ("$ttl" .
   [2 0 0 0])
  ("$in_use" .
   [1 0 0 0 0 0 0])
  ("$limit" .
   [1 0 0 0 0 0])
  ("string" .
   [5 0 0 0 0 0])
  ("$cnt" .
   [2 0 0 0])
  ("$arr" .
   [1 0 0 0])
  ("var_dump" .
   [4 0 0 0 0 2 1 0])
  ("$vip_ratio_pair" .
   [0 0 0 0 0 0 1 0 0 0 0 0 0 0 0])
  ("echo" .
   [18 0 0 0])
  ("people" .
   [1 0 0 0 0 0])
  ("map" .
   [2 0 0])
  ("my" .
   [2 0])
  ("if" .
   [3 0])
  ("lis" .
   [1 0 0])
  ("qw" .
   [1 0])
  ("1" .
   [1])
  ("list" .
   [4 0 0 0])
  ("reverse" .
   [3 0 0 0 0 0 0])
  ("print" .
   [9 0 0 0 0])
  ("10" .
   [3 0])
  ("foreach" .
   [2 0 0 0 0 0 0])
  ("usr" .
   [1 0 0])
  ("turn-on-font-lock" .
   [0 0 0 0 0 0 0 0 0 0 0 0 1 0 0 0 0])
  ("add-hook" .
   [0 0 0 1 0 0 0 0])
  ("require" .
   [0 0 0 0 1 0 0])
  ("printf" .
   [1 0 0 0 0 0])
  ("fun" .
   [1 0 0])
  ("return" .
   [3 0 0 0 0 0])
  ("void" .
   [2 0 0 0])
  ("int" .
   [5 0 0])
  ("fun1" .
   [2 0 0 0])
  ("perl" .
   [3 0 0 0])
  ("line" .
   [1 0 0 0])
  ("use" .
   [1 0 0])
  ("Data" .
   [1 0 0 0])
  ("Dumper" .
   [0 0 1 0 0 0])
  ("socre" .
   [1 0 0 0 0])
  ("$score" .
   [1 0 1 0 0 0])))
